1 1 0,4;6,0;12,4;6,8
2 1 5,0;10,0;10,10;0,10;0,5;5,5
3 1 0,0;6,0;4,2;4,4;6,6;0,6;2,4;2,2
4 1 0,0;8,0;6,2;6,6;8,8;0,8;2,6;2,2
5 1 0,0;10,0;8,2;8,8;10,10;0,10;2,8;2,2
6 1 0,0;6,0;6,6;4,6;4,2;2,2;2,6;0,6
7 1 0,0;8,0;8,8;6,8;6,2;2,2;2,8;0,8
8 1 0,0;10,0;10,10;8,10;8,2;2,2;2,10;0,10
9 1 0,0;12,0;6,12
10 1 0,0;8,0;4,8
11 1 0,10;10,0;10,10
12 1 6,0;12,8;6,16;0,8
13 1 6,0;12,12;0,12
14 1 0,0;8,0;4,8
15 1 5,0;10,10;0,10
16 1 4,0;8,5;4,10;0,5
17 1 2,0;4,0;6,2;6,4;3,6;0,4;0,2
18 1 2,0;6,0;8,2;8,6;4,8;0,6;0,2
19 1 0,0;6,0;6,3;3,3;3,6;0,6
20 1 4,0;8,0;8,8;0,8;0,4;4,4
21 1 0,0;6,0;6,3;3,3;3,6;0,6
22 1 4,0;8,0;8,8;0,8;0,4;4,4
23 1 0,0;12,0;12,12;0,12
24 1 0,0;8,0;8,8;0,8
25 1 0,0;10,0;10,10;0,10
