1 5 0,0;1000,199;800,500;400,400
2 5 0,0;700,0;499,700
3 5 0,99;299,0;700,200;400,499;100,299
4 5 200,300;600,0;700,700;0,1000
5 5 0,0;999,99;1299,300;1200,500;499,700;100,499
6 5 0,199;499,0;399,399;0,300
7 5 400,0;600,700;0,399
8 5 200,0;400,700;199,899;100,600;0,400
9 5 0,0;599,0;799,200;300,700
10 5 300,0;1099,0;1099,300;300,700;0,500
11 5 99,0;800,0;399,300;700,600;0,499
12 5 200,0;599,199;899,100;699,299;299,499;499,699;0,799
13 5 0,599;300,0;899,0;400,199
14 5 0,0;999,0;900,399;400,200;200,299
15 5 0,300;499,0;700,200;799,400;199,499
