1 3 5,837;0,516;6,195;156,177;264,146;428,99;552,67;685,36;863,0;993,155;1080,217;1216,284;1324,310;1486,311;1602,297;1742,273;1724,397;1713,520;1723,643;1741,767;1601,742;1485,728;1323,728;1215,754;1079,820;991,882;861,1036;683,999;550,968;426,935;262,887;154,856
2 6 0,546;8,398;27,246;68,84;179,97;288,100;401,83;548,49;764,0;805,196;887,350;755,370;655,391;523,425;272,494;117,534
3 6 648,435;479,392;333,358;112,312;0,261;275,236;399,220;592,177;730,119;937,0;1071,31;1285,76;1460,135;1573,189;1700,258;1922,362;1932,489;1940,613;1747,643;1599,665;1487,679;1331,690;1165,690;988,664;808,624
4 6 0,248;8,76;309,82;484,83;616,81;718,76;876,54;1031,0;1351,137;1209,191;1049,241;909,264;785,274;668,277;511,274;213,262
5 6 826,940;860,797;903,672;915,552;0,501;2,342;865,333;995,290;1035,140;1077,0;1197,16;1180,214;1174,330;1176,528;1186,676;1208,846;1315,1172;1178,994;1043,940
6 3 0,29;130,0;307,59;495,146;616,208;737,274;855,326;959,349;1071,342;1275,291;1260,430;1250,535;1260,642;1275,781;1071,730;959,723;855,746;737,798;616,864;495,926;307,1013;130,1072;0,1043
7 3 40,620;36,497;32,329;23,166;0,0;159,1;286,82;392,119;532,162;687,204;806,251;953,318;1101,396;1086,520;1077,622;1101,844;953,922;806,989;687,1036;532,1078;392,1121;286,1158;159,1239;0,1240;23,1074;32,911;36,743
8 6 882,623;780,508;688,402;546,334;0,325;4,165;592,148;689,49;868,0;954,169;998,265;1052,396;1098,518;1147,666;963,713
9 6 105,546;3,423;0,259;44,140;127,0;208,71;299,181;359,321;350,475;248,639
10 3 856,1497;727,1418;624,1376;521,1361;358,1377;241,1400;41,1445;2,1277;271,1216;500,1165;618,1139;743,1059;779,869;779,707;757,554;498,412;269,362;0,302;38,134;238,178;356,201;519,216;622,201;724,158;851,81;1037,0;1350,70;1301,279;1279,426;1272,647;1273,787;1273,927;1277,1075;1288,1211;1353,1504;1047,1577
